180 0111 11 1111111111111

len 111 1111111111 11111, 1111111111111111111,111111111111)111·
1111, dat niel 11111 dan 11111 111111 111111111111 11111111,1·11111
11111 1111111111 1111 0. F. 11111111.1111111111-
1111111 11111111. 11 Τ11. V. 1111111 1111 111111111111111,1111
111111111111111111 11111111 11111111, 1111111111 111 campio, 11111111-
11111111, 111 11111 (1111. 111 11111111111,[ν. Rechlsq., p. 36),
111 111111111111111 (1111. l. 1. p. p. 76), 1111111111111111111
11111111, 11111111 1111111111 1111111.

11111 111111111111111111 nu ook 1111 111 1111111111 tamen·
1111111111 opmerkl. 111 hebben op 11111111 1111111111111 1111
op 111111 111111 11111111 die ol 111111111111,111111 1111111111
1111111 11111111 111111111111111 1111111111 11111111 11, 11 (1111111111
1111111 11 111111111. 111111111111111111 1111111111111111111
Tit. 1. 111 11111111111111111111111111111111111111111111111.11

111111 111 111111 op andere 1111111111, 1111 111111111111111- 1

111111 1111 1111111111.
1111 1111111 1111 1111111111 Til. 11111111111111111111111111
1111111 111 1111111111 111111 111 11111111111 11111111, 1111111111 1111

111 11111, 11111111111111111111111111111111,1111111111111111 ³
1111111111111111111,11111111111 1111 111 11111111111111111111 1111 1111. l

VIII.

In Til. XIV, 1. 3, 1111111 ij 1111 1111111111111) 111111
11111 1111111111 11 dus 111111 11 111 1111111111 11111111111111
111111 1111111111. 11111 1111111 1111111111111111111 1111111111. llie
zell willens 11 1111111 111 1111111111111111,1111111111111111
111 den 11111 11111111,1111111 111 1111111111111111111111111111

partem 11111 1111111111111 suum 1111111111), 11111 111111111111 ’

11111111 hand 1111111111, mel 1111111111 den 11111111 1111111111,
met 111 111 weregildum. 111 111111111111 11111111111111111111
111 1111, 11 blj 1111111 men goede 111111 1111 1111111111111,1111·
111 1111111 hun 111111 1111111 111111. 11111 1111111111 111111
11111111 1111111111, 11111111111111 partem 11111111 111 11111111-
demtio 11111111),111 1111111111 11111 111111111111111111 1111 111 door 1111
111111111111111111111111111 door 1111111 den Groolen aangenomene
11111111111 111 111 1111111111ἰά 1111111 1111111111 in 11111111
(lex. Sam. 1. 21-22, 111111, Strasr.. p. 983). 1111111111
111111 11111 111. X 11111111111111 met 1111111111111111, 111. IX·
1. 111-17, 111111, 11111 1111 1111 1111111111 111111,1111111111ε
111 1111111111 111 111 1111111111111111111111111 111111111111111
93 (l). 24 11 12 111, 11 11111111111111111111111111111111111

 

